0	-83.485291	0.000054	18538
1	-83.018700	0.000054	18388
2	-84.010231	0.000049	18588
3	-84.304260	0.000048	17787
4	-84.201065	0.000048	18889
5	-83.536354	0.000052	15983
6	-84.480316	0.000047	17286
7	-83.764824	0.000051	18538
8	-85.123856	0.000043	16384
9	-73.505074	0.000161	7365
10	-70.332588	0.000210	4258
11	-69.390938	0.000284	2605
12	-71.628929	0.000210	3557
13	-72.105476	0.000206	3657
14	-70.761955	0.000237	2154
15	-71.153023	0.000222	3807
16	-68.863777	0.000299	2204
17	-68.392105	0.000308	2655
18	-68.054832	0.000319	2505
19	-67.644722	0.000339	1603
20	-65.196098	0.000441	1703
21	-66.000961	0.000415	1202
22	-65.871902	0.000429	1653
23	-64.957138	0.000464	1653
24	-61.657478	0.000663	1202
25	-65.705437	0.000410	2655
26	-60.654610	0.000791	1102
27	-66.200943	0.000405	1903
28	-62.932964	0.000605	1753
29	-65.686859	0.000410	2906
30	-63.870136	0.000518	1402
31	-65.920410	0.000406	3056
32	-64.252899	0.000506	1002
33	-59.228390	0.000894	701
34	-61.487717	0.000727	200
35	-57.526657	0.001052	601
36	-60.536354	0.000756	1803
37	-55.226170	0.001572	250
38	-58.170647	0.001051	450
39	-53.620617	0.001650	400
40	-60.053040	0.000776	1152
41	-57.612900	0.001037	1052
42	-57.643597	0.001027	1002
43	-58.744320	0.000995	651
44	-52.133980	0.001921	250
45	-53.776852	0.001440	801
46	-55.675087	0.001368	701
47	-57.106750	0.001172	601
48	-52.252426	0.002129	400
49	-52.776310	0.001980	450
50	-52.871105	0.001863	551
51	-59.335636	0.000831	851
52	-57.771790	0.000982	1302
53	-56.983856	0.001208	501
54	-61.118359	0.000728	1002
55	-58.608528	0.000953	1102
56	-56.983166	0.001113	400
57	-56.687557	0.001236	651
58	-58.921814	0.000942	551
59	-52.686653	0.001877	250
60	-53.907082	0.001690	701
61	-56.940811	0.001159	801
62	-54.066151	0.001622	400
63	-55.318661	0.001337	951
64	-56.352024	0.001285	651
65	-55.658741	0.001310	751
66	-57.857250	0.001037	1052
67	-56.635162	0.001178	851
68	-57.334431	0.001051	801
69	-54.280628	0.001580	801
70	-56.171570	0.001321	901
71	-56.471069	0.001250	651
72	-54.785454	0.001560	551
73	-54.285023	0.001572	601
74	-49.410767	0.002679	450
75	-55.814884	0.001320	751
76	-54.437840	0.001620	400
77	-53.048016	0.001749	751
78	-52.947029	0.001830	400
79	-54.554810	0.001675	200
80	-54.753490	0.001434	901
81	-52.836315	0.001912	300
82	-53.026924	0.001739	701
83	-48.603249	0.003152	350
84	-53.829964	0.001708	450
85	-51.996006	0.002132	400
86	-56.094261	0.001347	400
87	-49.030613	0.003021	501
88	-51.005207	0.002374	400
89	-51.470615	0.002151	450
90	-55.828415	0.001306	450
91	-58.068336	0.001030	851
92	-51.511242	0.002244	350
93	-52.725216	0.001846	851
94	-50.864975	0.002443	450
95	-53.467819	0.001719	651
96	-52.245945	0.002172	300
97	-53.483551	0.001742	651
98	-49.988026	0.002733	450
99	-53.590656	0.001665	1102
100	-50.150883	0.002323	851
101	-56.021870	0.001288	851
102	-54.620682	0.001492	1102
103	-56.832962	0.001161	801
104	-53.143536	0.001757	851
105	-51.115707	0.002300	751
106	-54.949986	0.001415	701
107	-51.048740	0.002295	450
108	-53.405521	0.001678	1252
109	-49.291660	0.002745	300
110	-54.462391	0.001524	1052
111	-52.802711	0.001853	651
112	-55.492550	0.001391	551
113	-53.879169	0.001652	501
114	-53.966526	0.001721	400
115	-51.142883	0.002209	551
116	-50.290596	0.002726	751
117	-57.003899	0.001186	701
118	-52.643303	0.001922	751
119	-57.448181	0.001075	901
120	-52.253811	0.001992	551
121	-55.203552	0.001489	701
122	-50.945366	0.002346	250
123	-54.181717	0.001663	350
124	-52.692116	0.001732	1853
125	-53.259296	0.001818	701
126	-51.094288	0.002366	300
127	-52.122967	0.002027	450
128	-51.409008	0.002160	300
129	-53.698788	0.001602	951
130	-52.948765	0.001844	901
131	-52.222534	0.001715	651
132	-52.318863	0.002055	501
133	-50.320312	0.002507	250
134	-54.442898	0.001568	1002
135	-52.953732	0.001921	701
136	-54.373894	0.001484	651
137	-51.190147	0.002470	250
138	-54.345726	0.001603	651
139	-50.313030	0.002649	100
140	-55.327515	0.001507	400
141	-58.733223	0.000924	1453
142	-54.437584	0.001516	701
143	-55.134010	0.001500	300
144	-56.357002	0.001239	751
145	-56.478756	0.001222	1152
146	-56.056931	0.001237	1002
147	-53.557125	0.001839	250
148	-57.285908	0.001055	801
149	-59.826580	0.000787	1954
150	-54.732944	0.001569	651
151	-54.875118	0.001456	1102
152	-49.883514	0.002586	350
153	-55.586735	0.001393	801
154	-56.192505	0.001191	1052
155	-56.846493	0.001234	1052
156	-50.030457	0.002707	250
157	-53.052578	0.001901	801
158	-50.504887	0.002618	250
159	-55.661839	0.001326	1202
160	-53.206600	0.001743	651
161	-53.819469	0.001835	250
162	-51.095444	0.002466	150
163	-51.553276	0.002003	651
164	-53.989964	0.001697	701
165	-52.210506	0.001891	1002
166	-52.342709	0.001913	1202
167	-51.496227	0.002253	450
168	-55.035866	0.001514	751
169	-48.315334	0.003135	200
170	-48.723896	0.002781	551
171	-46.734772	0.003574	300
172	-49.713615	0.002839	150
173	-52.926422	0.001840	751
174	-52.310612	0.002005	350
175	-53.872860	0.001440	1753
176	-52.606445	0.001889	601
177	-51.339695	0.001894	801
178	-51.453262	0.002165	1002
179	-53.177708	0.001701	1152
180	-50.249725	0.002503	450
181	-49.222912	0.002614	501
182	-34.402988	0.015768	400
183	-32.482029	0.020766	150
184	-29.062502	0.030812	150
185	-29.742720	0.028029	150
186	-29.830334	0.028808	100
187	-30.398304	0.026923	150
188	-29.168882	0.029136	150
189	-28.082104	0.031713	250
190	-24.321566	0.049348	250
191	-23.465181	0.054844	200
192	-22.174892	0.063424	250
193	-22.987001	0.061152	200
194	-24.383383	0.048757	300
195	-13.163561	0.180740	300
196	-15.654905	0.135316	300
197	-15.691163	0.134821	400
198	-19.162737	0.088933	300
199	-20.610500	0.078035	300
200	-25.278128	0.044282	200
201	-27.133324	0.036418	150
202	-31.867031	0.022349	250
203	-31.615597	0.021819	150
204	-33.369514	0.018199	250
205	-33.199776	0.018146	300
206	-35.986847	0.013114	450
207	-31.724724	0.018598	2104
208	-41.770126	0.006377	2104
209	-42.596695	0.006231	801
210	-38.722221	0.010210	250
211	-41.021080	0.007380	551
212	-40.511814	0.008229	300
213	-44.156391	0.004972	601
214	-44.246609	0.005080	400
215	-45.139286	0.004507	801
216	-41.945908	0.006314	1553
217	-34.332176	0.015462	1753
218	-22.596039	0.056200	300
219	-16.441561	0.132009	350
220	-16.906130	0.122464	400
221	-17.117424	0.115758	551
222	-17.553869	0.115857	551
223	-18.152452	0.107858	551
224	-18.217524	0.108296	551
225	-18.214300	0.107892	551
226	-17.799534	0.114900	551
227	-17.443802	0.116827	601
228	-18.474482	0.102177	551
229	-19.350727	0.091935	601
230	-19.721386	0.087478	501
231	-20.591892	0.079152	400
232	-20.691914	0.078865	350
233	-20.684986	0.078446	400
234	-23.707302	0.051360	551
235	-27.161816	0.036531	501
236	-29.721592	0.027253	501
237	-30.965736	0.023178	551
238	-32.151615	0.018122	601
239	-28.756897	0.029399	551
240	-32.742821	0.017139	701
241	-31.306007	0.022891	450
242	-34.135792	0.015774	501
243	-34.289043	0.015514	450
244	-38.411148	0.009918	400
245	-38.823208	0.008782	601
246	-39.460194	0.008647	601
247	-38.818745	0.009342	450
248	-45.542320	0.004572	601
249	-46.091251	0.004040	601
250	-45.868992	0.004056	501
251	-48.510998	0.002950	450
252	-51.351162	0.002098	450
253	-48.572033	0.003256	350
254	-53.460682	0.001705	701
255	-52.689518	0.001925	501
256	-53.175591	0.001848	701
257	-53.065639	0.001818	450
258	-55.118397	0.001416	400
259	-55.805004	0.001282	400
260	-57.707718	0.001128	751
261	-59.137447	0.000916	701
262	-59.409603	0.000892	551
263	-60.666656	0.000727	901
264	-62.974735	0.000557	1152
265	-65.027466	0.000475	1102
266	-63.293552	0.000569	1152
267	-55.770653	0.001156	1002
268	-37.698723	0.010425	551
269	-36.826138	0.010484	601
270	-30.842541	0.022977	551
271	-28.361498	0.030784	501
272	-25.629169	0.038630	501
273	-23.410517	0.056667	400
274	-22.248695	0.064709	551
275	-23.802382	0.053899	551
276	-24.281729	0.050112	551
277	-25.519337	0.043745	450
278	-32.718410	0.019498	551
279	-29.855619	0.025474	501
280	-27.927092	0.029349	350
281	-26.084780	0.035500	300
282	-31.207174	0.024308	150
283	-31.229786	0.022774	100
284	-30.502914	0.024230	350
285	-28.188854	0.028923	350
286	-24.152325	0.047889	150
287	-25.117907	0.043207	250
288	-25.582289	0.039826	250
289	-26.435501	0.032902	501
290	-26.778944	0.035138	300
291	-26.565628	0.036445	450
292	-23.204218	0.049606	551
293	-21.843395	0.063015	751
294	-22.486206	0.058733	701
295	-22.048712	0.060130	551
296	-20.482948	0.073868	551
297	-21.491116	0.066243	751
298	-25.211317	0.046703	651
299	-26.376350	0.038705	801
300	-27.502060	0.034032	751
301	-29.449026	0.028566	601
302	-31.703888	0.020182	801
303	-32.046513	0.019940	551
304	-31.455578	0.022783	250
305	-30.605782	0.023890	200
306	-33.250923	0.018345	100
307	-36.081493	0.013699	250
308	-37.216171	0.011555	400
309	-37.876408	0.010929	300
310	-38.615417	0.010005	300
311	-38.865303	0.009711	100
312	-40.050797	0.008759	300
313	-41.914589	0.007387	100
314	-40.913143	0.007655	250
315	-38.472221	0.010098	400
316	-39.939999	0.007605	501
317	-42.786369	0.006454	400
318	-44.126553	0.005695	100
319	-44.500927	0.005228	350
320	-44.700912	0.005236	200
321	-46.305878	0.004328	200
322	-46.833942	0.004018	300
323	-48.258953	0.003234	501
324	-46.910656	0.004065	200
325	-50.037476	0.002660	450
326	-50.124592	0.002703	501
327	-50.378410	0.002539	701
328	-51.267670	0.002382	400
329	-49.532661	0.002903	400
330	-53.043816	0.001960	300
331	-51.586899	0.002244	400
332	-55.980099	0.001379	851
333	-56.281521	0.001326	501
334	-57.539314	0.001160	701
335	-60.218979	0.000827	1102
336	-57.546608	0.001178	300
337	-60.290211	0.000817	1152
338	-60.661659	0.000767	901
339	-63.681580	0.000539	1302
340	-61.145744	0.000725	1102
341	-62.181454	0.000564	2104
342	-61.668179	0.000629	2254
343	-62.373947	0.000586	1402
344	-63.941132	0.000500	1352
345	-61.707230	0.000692	1252
346	-67.145279	0.000366	1954
347	-65.848778	0.000408	3056
348	-65.400871	0.000394	2805
349	-64.789192	0.000480	1553
350	-65.197716	0.000471	1052
351	-64.544029	0.000458	2405
352	-66.539543	0.000371	3056
353	-62.679543	0.000637	450
354	-63.902302	0.000525	1903
355	-67.440643	0.000350	1954
356	-67.049736	0.000395	1002
357	-72.912613	0.000184	2755
358	-70.632347	0.000233	2655
359	-69.840393	0.000252	2755
360	-71.088562	0.000231	3006
361	-66.512169	0.000393	1603
362	-69.200928	0.000281	2154
363	-71.956589	0.000205	2855
364	-72.574791	0.000185	4158
365	-69.771652	0.000272	2104
366	-71.161049	0.000217	4559
367	-69.137733	0.000298	1152
368	-70.671417	0.000242	2755
369	-68.192398	0.000316	3457
370	-65.442657	0.000454	901
371	-72.014084	0.000202	3657
372	-64.457169	0.000462	2455
373	-70.557938	0.000234	3908
374	-73.873444	0.000163	4509
375	-71.911209	0.000212	2755
376	-70.748817	0.000235	4308
377	-69.961632	0.000242	4810
378	-71.824799	0.000212	4208
379	-70.722961	0.000248	2154
380	-71.117126	0.000239	2054
381	-72.541229	0.000189	4308
382	-73.751610	0.000170	4609
383	-73.176720	0.000171	5762
384	-68.444023	0.000297	2505
385	-67.402855	0.000354	1803
386	-65.341461	0.000468	1102
387	-67.992813	0.000300	3106
388	-65.466743	0.000448	400
389	-64.193954	0.000534	1002
390	-69.935814	0.000274	2605
391	-67.955292	0.000337	1954
392	-65.938599	0.000391	2655
393	-64.345779	0.000484	1553
394	-68.583702	0.000315	2304
395	-69.216942	0.000291	1703
396	-67.970108	0.000332	2054
397	-70.097794	0.000245	3407
398	-70.581764	0.000236	3106
399	-66.794052	0.000410	501
400	-70.790565	0.000234	1954
401	-71.873169	0.000219	2705
402	-69.977943	0.000279	1453
403	-69.465248	0.000260	2655
404	-68.561440	0.000311	2605
405	-69.763107	0.000270	3156
406	-69.230469	0.000268	2755
407	-65.974304	0.000423	1753
408	-65.383110	0.000470	1102
409	-70.465698	0.000257	1903
410	-69.938721	0.000266	2906
411	-68.619545	0.000304	1903
412	-68.024246	0.000342	1603
413	-63.914051	0.000472	2054
414	-66.931870	0.000371	1402
415	-65.520058	0.000413	2455
416	-60.480568	0.000818	551
417	-64.086014	0.000484	1202
418	-68.016716	0.000329	1903
419	-64.324768	0.000491	851
420	-66.858452	0.000341	3256
421	-65.106918	0.000461	1753
422	-66.871223	0.000383	1653
423	-67.631271	0.000334	1453
424	-63.962608	0.000521	1052
425	-63.974735	0.000515	1653
426	-60.741821	0.000789	1202
427	-62.693089	0.000618	901
428	-62.629993	0.000558	1853
429	-60.073139	0.000848	1453
430	-63.342724	0.000579	1302
431	-62.032558	0.000708	701
432	-63.306793	0.000492	2405
433	-61.741421	0.000685	1202
434	-61.001152	0.000665	1202
435	-67.778244	0.000310	2304
436	-61.406815	0.000723	751
437	-62.880211	0.000595	1503
438	-60.647308	0.000764	901
439	-61.200123	0.000692	1603
440	-60.986015	0.000717	1453
441	-61.766216	0.000683	1052
442	-63.351463	0.000540	1453
443	-59.279255	0.000889	601
444	-63.022755	0.000574	2104
445	-60.812649	0.000810	651
446	-59.960716	0.000841	651
447	-58.849892	0.000944	551
448	-59.755997	0.000786	1903
449	-61.671795	0.000675	1553
450	-56.544399	0.001221	551
451	-55.922806	0.001208	1002
452	-57.871258	0.001107	400
453	-57.581753	0.001133	651
454	-63.591621	0.000536	1453
455	-59.189285	0.000970	601
456	-59.688625	0.000919	551
457	-58.027031	0.000967	1002
458	-64.551491	0.000501	1152
459	-62.321297	0.000624	1352
460	-58.753132	0.000950	1052
461	-57.087654	0.001177	400
462	-55.279385	0.001362	801
463	-57.915676	0.000987	1603
464	-56.656563	0.001200	651
465	-51.768421	0.002333	150
466	-55.938808	0.001392	450
467	-56.507961	0.001280	350
468	-54.137104	0.001744	751
469	-54.369347	0.001673	250
470	-54.483006	0.001518	501
471	-55.648506	0.001465	501
472	-58.858387	0.000959	551
473	-60.923542	0.000725	1603
474	-61.729660	0.000707	1052
475	-58.240677	0.001080	701
476	-60.011711	0.000784	1002
477	-56.708015	0.001276	200
478	-62.828945	0.000573	1503
479	-55.805771	0.001333	450
480	-59.475929	0.000863	701
481	-57.936718	0.001063	801
482	-59.250046	0.000886	1302
483	-57.314156	0.001194	551
484	-55.703598	0.001352	551
485	-54.544510	0.001503	651
486	-55.396568	0.001456	751
487	-55.096153	0.001360	1052
488	-53.866062	0.001708	501
489	-54.677387	0.001529	200
490	-58.441647	0.000987	901
491	-59.264755	0.000836	1503
492	-59.451530	0.000891	601
493	-57.741642	0.001089	651
494	-54.694901	0.001481	551
495	-55.851948	0.001380	801
496	-61.723186	0.000679	1102
497	-54.184349	0.001617	651
498	-54.717548	0.001487	651
499	-52.978031	0.001833	1052
500	-57.118534	0.001238	300
501	-55.475357	0.001389	651
502	-56.899529	0.000996	1252
503	-54.795494	0.001494	350
504	-61.084587	0.000683	1954
505	-56.319096	0.001308	450
506	-61.106308	0.000717	1052
507	-56.194096	0.001315	951
508	-54.830334	0.001476	450
509	-54.007797	0.001671	551
510	-52.453522	0.001960	851
511	-58.509373	0.000958	851
512	-51.549622	0.002319	350
513	-58.744587	0.001016	350
514	-56.774017	0.001255	450
515	-54.247498	0.001543	400
516	-55.524418	0.001342	1102
517	-56.895000	0.001140	751
518	-59.205467	0.000887	1052
519	-57.212692	0.001093	1152
520	-58.586967	0.001004	551
521	-53.758953	0.001783	501
522	-55.768543	0.001344	1002
523	-56.157330	0.001276	701
524	-57.975155	0.000938	901
525	-54.634056	0.001532	1052
526	-58.236820	0.001017	1653
527	-58.239342	0.001026	1002
528	-55.060757	0.001337	1152
529	-57.235268	0.001173	400
530	-54.278263	0.001639	751
531	-57.870125	0.001053	801
532	-60.106449	0.000760	1653
533	-58.304157	0.000973	1653
534	-59.552769	0.000863	1102
535	-58.141041	0.000933	1402
536	-58.368530	0.000981	1453
537	-56.472500	0.001262	551
538	-56.422596	0.001309	701
539	-59.631611	0.000887	751
540	-54.599548	0.001458	801
541	-56.136562	0.001261	1002
542	-53.030727	0.001845	701
543	-55.780815	0.001405	501
544	-51.754002	0.002094	951
545	-59.417721	0.000873	1252
546	-52.118561	0.002017	651
547	-51.258053	0.002238	450
548	-53.783157	0.001758	450
549	-53.277908	0.001858	450
550	-50.717247	0.002473	200
551	-55.772587	0.001393	300
552	-57.694149	0.001040	701
553	-54.216717	0.001575	701
554	-53.980965	0.001678	501
555	-53.916504	0.001656	801
556	-53.708965	0.001870	200
557	-53.809460	0.001816	300
558	-54.381588	0.001615	400
559	-51.104382	0.002213	951
560	-55.505737	0.001291	1052
561	-51.534111	0.002189	350
562	-53.106770	0.001699	551
563	-47.282753	0.003847	150
564	-54.253925	0.001631	851
565	-53.852406	0.001790	350
566	-54.041451	0.001769	350
567	-56.984875	0.001224	350
568	-54.605659	0.001555	751
569	-56.215199	0.001269	801
570	-57.526428	0.001116	801
571	-56.359264	0.001239	801
572	-55.865807	0.001386	501
573	-56.361797	0.001238	1002
574	-54.011856	0.001627	400
575	-50.851807	0.002290	551
576	-54.517765	0.001463	551
577	-47.890850	0.003234	751
578	-56.012630	0.001365	601
579	-54.208031	0.001488	1503
580	-50.424484	0.002614	601
581	-55.287441	0.001454	551
582	-52.631145	0.001851	1102
583	-53.597237	0.001760	701
584	-55.044525	0.001386	551
585	-58.052238	0.001073	701
586	-52.046860	0.002187	200
587	-55.085579	0.001436	901
588	-52.479549	0.002047	551
589	-52.744442	0.001890	300
590	-50.410851	0.002570	400
591	-50.849075	0.002516	300
592	-53.884819	0.001591	1302
593	-52.584087	0.002025	951
594	-53.725101	0.001614	751
595	-49.562420	0.002930	400
596	-55.008694	0.001470	701
597	-51.465111	0.002368	300
598	-50.186047	0.002616	400
599	-52.003098	0.002046	400
600	-52.929180	0.001810	901
601	-51.769348	0.001993	1102
602	-54.478676	0.001573	701
603	-52.482113	0.001869	1954
604	-41.336143	0.006378	3557
605	-27.919645	0.029468	4308
606	-26.252054	0.037925	3858
607	-30.438444	0.020329	4058
608	-28.668015	0.025434	1152
609	-23.802685	0.050124	851
610	-17.880730	0.107399	501
611	-18.518623	0.102558	651
612	-20.423935	0.082919	651
613	-23.373304	0.050551	701
614	-30.893448	0.024661	601
615	-31.424105	0.022643	601
616	-21.966560	0.065482	951
617	-19.063101	0.092799	701
618	-17.065432	0.116534	801
619	-17.841839	0.104940	901
620	-20.418711	0.082193	801
621	-19.985954	0.083342	701
622	-21.081797	0.075384	651
623	-19.124256	0.095001	651
624	-19.044695	0.098378	651
625	-23.210308	0.058885	651
626	-28.568680	0.030044	951
627	-35.058990	0.015089	801
628	-38.247974	0.010063	1002
629	-34.450546	0.016240	851
630	-37.084351	0.012067	651
631	-37.235348	0.011736	1052
632	-36.893490	0.012038	751
633	-37.452347	0.011335	651
634	-42.980453	0.006020	651
635	-47.988552	0.003396	1002
636	-48.036339	0.002833	851
637	-44.543377	0.005115	651
638	-44.093842	0.005576	651
639	-45.986992	0.004396	651
640	-47.139229	0.003796	651
641	-46.400352	0.004068	651
642	-50.742718	0.002530	651
643	-50.305889	0.002604	651
644	-37.352646	0.007945	3256
645	-33.241337	0.015491	2354
646	-28.831457	0.026395	851
647	-26.889301	0.035878	851
648	-25.670298	0.040604	751
649	-22.756001	0.056326	601
650	-23.782562	0.049667	851
651	-24.021261	0.049234	701
652	-23.987295	0.049466	551
653	-24.399876	0.047166	551
654	-33.116608	0.018332	551
655	-32.461979	0.019278	551
656	-25.430538	0.040012	601
657	-23.998398	0.052951	601
658	-33.389900	0.018188	501
659	-35.967579	0.013333	601
660	-25.277245	0.044044	551
661	-27.114971	0.035128	651
662	-24.543777	0.050401	601
663	-24.264942	0.053654	551
664	-26.970167	0.038417	851
665	-29.232296	0.026547	1753
666	-34.517414	0.013348	3006
667	-34.968227	0.015130	1352
668	-34.740871	0.015510	801
669	-32.429855	0.020317	651
670	-34.397778	0.015869	851
671	-34.125809	0.015332	1202
672	-35.228333	0.014302	1703
673	-38.389847	0.010203	1152
674	-45.130539	0.004562	1052
675	-41.920437	0.006188	2405
676	-37.785328	0.010348	3657
677	-34.655914	0.014580	4208
678	-33.071133	0.017726	4359
679	-33.034019	0.017805	4058
680	-30.353714	0.023496	4308
681	-29.737753	0.026398	3807
682	-30.460217	0.024059	4008
683	-33.233482	0.017054	4108
684	-31.381653	0.021379	3908
685	-33.959793	0.015910	3908
686	-33.618954	0.017093	3958
687	-35.942673	0.012583	4008
688	-33.802803	0.016791	3607
689	-34.429211	0.014666	3707
690	-36.394409	0.012432	3707
691	-37.093937	0.011453	3908
692	-43.875011	0.005002	4158
693	-40.008747	0.008272	3457
694	-47.998135	0.003247	3407
695	-48.223236	0.003122	3457
696	-46.879593	0.003696	3407
697	-49.929939	0.002580	3256
698	-50.724007	0.002270	3306
699	-52.366112	0.001817	3407
700	-52.131935	0.001984	3356
701	-54.029659	0.001575	3256
702	-55.967209	0.001327	3156
703	-57.071236	0.001140	3156
704	-56.660797	0.001181	2906
705	-58.733444	0.000949	2204
706	-57.523060	0.001041	2805
707	-57.209164	0.001115	1803
708	-61.710289	0.000671	2004
709	-59.263203	0.000896	1753
710	-60.001778	0.000820	2304
711	-58.762402	0.000975	1703
712	-60.857944	0.000728	2455
713	-60.938263	0.000744	1853
714	-57.751823	0.001068	1603
715	-58.959667	0.000919	1803
716	-63.321762	0.000594	501
717	-65.401985	0.000440	2104
718	-62.157303	0.000663	901
719	-67.718788	0.000339	2354
720	-63.682522	0.000488	2304
721	-64.069275	0.000525	901
722	-67.793228	0.000346	1703
723	-63.820564	0.000551	701
724	-68.544769	0.000296	2655
725	-66.921944	0.000372	1803
726	-67.931572	0.000326	2755
727	-65.766808	0.000431	1803
728	-64.178825	0.000508	901
729	-68.672417	0.000289	2906
730	-65.859802	0.000435	1052
731	-68.314133	0.000312	2154
732	-62.598576	0.000632	1102
733	-67.017517	0.000369	1653
734	-69.038559	0.000289	1954
735	-66.994682	0.000378	1352
736	-64.255119	0.000505	1453
737	-64.240578	0.000490	1553
738	-65.179764	0.000431	1753
739	-66.587975	0.000360	2555
740	-66.827164	0.000366	1653
741	-69.356361	0.000268	2805
742	-65.663391	0.000430	1753
743	-65.525017	0.000434	1853
744	-67.424271	0.000344	3106
745	-65.052879	0.000461	1453
746	-64.192406	0.000509	1252
747	-64.042961	0.000510	1653
748	-67.208176	0.000363	1903
749	-62.098766	0.000675	1102
750	-62.180283	0.000653	601
751	-63.781521	0.000541	701
752	-63.526718	0.000538	1503
753	-62.762123	0.000569	2354
754	-67.898415	0.000336	2254
755	-64.135239	0.000511	1553
756	-65.191475	0.000439	1553
757	-62.423855	0.000618	1853
758	-69.010620	0.000288	2705
759	-63.357010	0.000534	1903
760	-58.174042	0.001049	901
761	-61.914310	0.000651	1703
762	-64.302147	0.000458	2855
763	-61.197845	0.000723	1052
764	-64.227570	0.000468	1803
765	-63.321995	0.000544	1603
766	-61.987583	0.000652	651
767	-61.752785	0.000679	1302
768	-63.839901	0.000495	2304
769	-65.788643	0.000379	2906
770	-62.992439	0.000564	2154
771	-66.170906	0.000382	2054
772	-65.456131	0.000449	1102
773	-64.193649	0.000484	1553
774	-60.178333	0.000811	1302
775	-61.537266	0.000698	1202
776	-59.631107	0.000814	1402
777	-60.201099	0.000825	601
778	-60.700340	0.000800	901
779	-63.260044	0.000555	1753
780	-56.444794	0.001221	300
781	-56.312946	0.001325	501
782	-57.843372	0.001109	701
783	-59.338856	0.000852	1102
784	-59.391258	0.000853	1052
785	-60.041447	0.000751	1954
786	-61.912987	0.000641	1002
787	-64.342567	0.000495	1453
788	-62.462826	0.000602	1202
789	-61.364799	0.000695	1453
790	-61.275803	0.000727	1553
791	-60.171684	0.000780	1453
792	-57.304108	0.001119	751
793	-55.371506	0.001308	651
794	-58.379230	0.000951	1252
795	-57.239559	0.001170	450
796	-61.359230	0.000696	1002
797	-62.568485	0.000631	1352
798	-60.079838	0.000879	501
799	-58.942268	0.000937	901
800	-60.084381	0.000794	851
801	-61.734695	0.000623	1853
802	-65.910446	0.000399	2204
803	-65.776741	0.000395	2605
804	-60.268993	0.000818	701
805	-58.693832	0.000993	450
806	-60.123001	0.000764	1803
807	-59.822834	0.000811	2304
808	-59.653748	0.000824	1202
809	-60.321693	0.000788	1002
810	-58.604340	0.000993	1152
811	-61.062504	0.000680	2705
812	-61.003540	0.000736	1152
813	-60.551971	0.000715	2805
814	-64.249222	0.000508	1803
815	-58.529602	0.001006	751
816	-61.021999	0.000765	901
817	-57.658718	0.001079	1052
818	-59.009129	0.000900	1553
819	-54.879017	0.001481	501
820	-61.728542	0.000670	1302
821	-55.528015	0.001402	450
822	-61.483292	0.000674	1803
823	-56.450405	0.001280	901
824	-56.476635	0.001144	1302
825	-57.437992	0.001027	1002
826	-56.426903	0.001239	651
827	-58.513027	0.000913	1453
828	-55.381367	0.001475	400
829	-60.226795	0.000787	1352
830	-57.212776	0.001173	901
831	-59.907173	0.000791	1152
832	-53.936813	0.001619	1102
833	-27.577347	0.032811	801
834	-22.283712	0.055861	801
835	-19.854126	0.076149	701
836	-19.804501	0.081458	701
837	-18.744810	0.087836	751
838	-17.756819	0.091902	701
839	-19.782759	0.076507	701
840	-18.897684	0.091510	450
841	-21.192940	0.065286	450
842	-23.925335	0.047645	300
843	-24.848249	0.045538	250
844	-24.106730	0.049816	200
845	-22.481325	0.058606	250
846	-22.763872	0.055830	250
847	-23.799599	0.047232	200
848	-23.833000	0.045273	350
849	-22.832745	0.052566	400
850	-18.481337	0.096295	350
851	-18.994389	0.090175	400
852	-19.626694	0.083482	350
853	-18.240498	0.100178	300
854	-20.032001	0.082221	300
855	-17.886511	0.105564	300
856	-19.671633	0.088527	300
857	-19.429426	0.088887	350
858	-18.509165	0.102489	300
859	-19.278320	0.093329	300
860	-18.586451	0.099532	350
861	-17.979691	0.107997	300
862	-19.659454	0.089388	350
863	-19.090117	0.094025	450
864	-19.031740	0.095031	350
865	-20.317671	0.083219	350
866	-20.020824	0.087474	350
867	-18.843710	0.102140	350
868	-20.185804	0.087604	300
869	-22.495432	0.067482	350
870	-26.128170	0.043249	350
871	-33.280537	0.017120	651
872	-26.237812	0.037353	801
873	-25.571203	0.044731	350
874	-30.609814	0.024881	501
875	-32.964066	0.018046	551
876	-36.037685	0.012894	501
877	-39.600113	0.008079	651
878	-41.113487	0.007407	250
879	-39.005951	0.009598	150
880	-42.084206	0.006877	200
881	-42.018921	0.006540	250
882	-42.961514	0.005635	400
883	-47.066174	0.003749	400
884	-49.354240	0.002789	701
885	-44.692921	0.004973	300
886	-47.963936	0.003306	300
887	-46.994946	0.003072	1603
888	-33.011738	0.019313	751
889	-30.431421	0.026111	651
890	-33.005054	0.018549	751
891	-23.619440	0.046885	601
892	-22.228010	0.058587	851
893	-26.225891	0.037853	851
894	-25.629604	0.040052	651
895	-28.908920	0.023902	701
896	-31.202335	0.020893	400
897	-35.921295	0.012847	851
898	-37.570019	0.010728	801
899	-39.266468	0.008371	1152
900	-40.129353	0.007902	2104
901	-40.625149	0.007520	1853
902	-39.259117	0.008266	2004
903	-33.027676	0.019444	350
904	-25.948387	0.037835	300
905	-24.201351	0.047070	551
906	-21.490309	0.066179	350
907	-22.920675	0.058563	450
908	-23.771627	0.049383	501
909	-21.109941	0.069005	300
910	-26.459845	0.037427	250
911	-31.442430	0.021609	150
912	-31.400358	0.021523	250
913	-33.016460	0.017557	250
914	-33.270500	0.018899	100
915	-32.609261	0.018219	400
916	-24.287115	0.044743	400
917	-22.004519	0.062804	300
918	-21.837746	0.066749	250
919	-22.010572	0.060271	250
920	-25.258461	0.041127	100
921	-23.392317	0.051115	150
922	-26.008850	0.039615	250
923	-25.750669	0.040667	100
924	-25.099329	0.046729	250
925	-24.112059	0.051183	250
926	-25.851669	0.038630	200
927	-26.389791	0.040019	250
928	-25.029028	0.045951	250
929	-26.453058	0.039426	200
930	-27.399693	0.034060	100
931	-26.383619	0.037873	150
932	-27.059359	0.034341	250
933	-28.163889	0.031277	300
934	-24.939137	0.040870	300
935	-20.969923	0.069018	501
936	-21.239845	0.069824	501
937	-21.218445	0.069546	501
938	-21.747484	0.064512	501
939	-20.817459	0.072742	450
940	-21.742241	0.065694	501
941	-21.251028	0.071285	501
942	-22.359865	0.062385	450
943	-27.167208	0.031743	400
944	-25.075047	0.046103	250
945	-24.326872	0.050115	200
946	-25.570126	0.043433	250
947	-24.983301	0.046377	250
948	-25.670599	0.041438	200
949	-25.910458	0.039732	250
950	-24.901842	0.046139	200
951	-25.727903	0.042911	250
952	-25.871883	0.043178	200
953	-29.300827	0.029120	200
954	-31.891588	0.021088	200
955	-28.833117	0.027000	450
956	-25.715857	0.037783	801
957	-24.895443	0.042349	300
958	-25.143492	0.039639	701
959	-24.974773	0.041584	400
960	-24.450935	0.046354	501
961	-25.087154	0.044347	501
962	-26.357037	0.039740	400
963	-27.152454	0.036507	400
964	-28.493546	0.031456	601
965	-28.597960	0.030848	350
966	-28.331059	0.029254	400
967	-31.680819	0.020506	400
968	-30.793474	0.019383	701
969	-32.132061	0.019441	350
970	-33.555363	0.017487	400
971	-32.805237	0.017083	551
972	-32.029842	0.019638	450
973	-35.876232	0.009747	601
974	-35.127163	0.013598	651
975	-37.342365	0.010169	801
976	-35.653217	0.014117	250
977	-35.112732	0.013141	601
978	-37.406231	0.010891	751
979	-42.977352	0.006083	501
980	-41.140633	0.007141	350
981	-40.462524	0.007818	250
982	-42.354610	0.006439	250
983	-46.011356	0.003747	300
984	-46.483074	0.004270	150
985	-51.172131	0.002332	501
986	-49.991741	0.002785	300
987	-55.912273	0.001235	801
988	-58.168812	0.001059	551
989	-57.626278	0.001099	751
990	-56.534836	0.001293	200
991	-56.310856	0.001274	751
992	-61.846001	0.000664	1453
993	-59.327358	0.000847	1152
994	-67.232079	0.000337	2505
995	-64.549088	0.000485	2555
996	-64.814293	0.000474	1803
997	-66.511864	0.000376	2405
998	-66.213928	0.000402	2204
999	-67.090683	0.000340	3106
1000	-68.888107	0.000285	3156
1001	-68.118996	0.000331	1653
1002	-68.042946	0.000320	3858
1003	-71.844727	0.000212	3306
1004	-69.271317	0.000278	3006
1005	-73.633110	0.000173	3908
1006	-68.972542	0.000295	2705
1007	-69.577621	0.000261	4158
1008	-72.924500	0.000178	5411
1009	-72.021194	0.000206	3657
1010	-70.003082	0.000268	2104
1011	-72.886826	0.000185	3206
1012	-71.220467	0.000213	4208
1013	-70.083000	0.000261	3707
1014	-73.720345	0.000165	4208
1015	-70.178955	0.000260	2204
1016	-70.291664	0.000255	2705
1017	-68.308708	0.000328	1903
1018	-70.929222	0.000230	2505
1019	-74.313126	0.000158	4359
1020	-72.326950	0.000199	2405
1021	-68.844681	0.000297	2755
1022	-74.092262	0.000153	5411
1023	-79.395996	0.000083	10271
1024	-76.959435	0.000117	6563
1025	-69.614403	0.000259	3407
1026	-71.349594	0.000220	3908
1027	-73.254997	0.000180	2555
1028	-74.223740	0.000157	4609
1029	-73.925148	0.000168	4609
1030	-70.367935	0.000245	2455
1031	-70.888504	0.000237	3056
1032	-72.105339	0.000208	2655
1033	-73.558472	0.000174	4158
1034	-70.195320	0.000236	5110
1035	-74.667274	0.000150	5461
1036	-72.292961	0.000204	3858
1037	-73.221954	0.000168	5511
1038	-72.874229	0.000187	3858
1039	-74.396729	0.000153	4960
1040	-74.273949	0.000150	6413
1041	-73.262131	0.000177	3056
1042	-72.897316	0.000193	3757
1043	-72.884857	0.000185	5411
1044	-71.994568	0.000196	5210
1045	-69.840225	0.000255	3407
1046	-69.713364	0.000263	2705
1047	-72.780991	0.000185	4008
1048	-73.827843	0.000167	3908
1049	-75.001930	0.000148	3206
1050	-71.578697	0.000215	3507
1051	-67.485092	0.000369	801
1052	-69.572273	0.000273	2906
1053	-69.555504	0.000262	3707
1054	-69.355492	0.000277	3356
1055	-71.417030	0.000204	5561
1056	-72.002174	0.000199	4459
1057	-67.760551	0.000332	2405
1058	-67.600029	0.000344	1653
1059	-65.867447	0.000420	1352
1060	-68.756271	0.000303	2254
1061	-66.850441	0.000351	2104
1062	-68.126488	0.000311	2304
1063	-69.935814	0.000253	2505
1064	-68.718719	0.000283	4108
1065	-70.163445	0.000245	3256
1066	-69.599083	0.000267	3657
1067	-69.963966	0.000258	2505
1068	-69.027161	0.000294	2154
1069	-70.739212	0.000235	3256
1070	-69.142853	0.000286	2104
1071	-69.868752	0.000259	3006
1072	-71.667099	0.000216	2405
1073	-67.155418	0.000353	2705
1074	-65.699394	0.000431	1202
1075	-66.986847	0.000356	2204
1076	-66.085495	0.000420	1402
1077	-62.479378	0.000609	1102
1078	-62.557446	0.000667	350
1079	-64.184914	0.000513	1803
1080	-63.485291	0.000553	1252
1081	-65.304344	0.000465	2354
1082	-65.897682	0.000413	1453
1083	-66.312012	0.000406	1603
1084	-63.834660	0.000546	1002
1085	-64.703484	0.000473	2555
1086	-66.671234	0.000378	2555
1087	-68.954887	0.000283	2906
1088	-68.071495	0.000336	1803
1089	-65.065521	0.000462	1503
1090	-67.211143	0.000370	1503
1091	-65.476990	0.000441	1453
1092	-62.835220	0.000577	1603
1093	-64.896095	0.000438	1553
1094	-64.156906	0.000509	1653
1095	-62.048912	0.000678	1102
1096	-62.535530	0.000605	2004
1097	-62.493210	0.000637	1352
1098	-64.041916	0.000492	2154
1099	-64.265503	0.000477	2104
1100	-61.878464	0.000650	1653
1101	-61.062611	0.000768	400
1102	-63.634701	0.000539	1252
1103	-60.464626	0.000826	851
1104	-59.614166	0.000886	601
1105	-58.888313	0.000924	1202
1106	-59.386620	0.000931	851
1107	-59.955185	0.000823	1102
1108	-60.663261	0.000759	951
1109	-61.814281	0.000632	1503
1110	-61.240711	0.000705	1002
1111	-58.595020	0.000958	601
1112	-59.497906	0.000862	751
1113	-64.272209	0.000499	1603
1114	-64.096107	0.000536	751
1115	-62.148506	0.000656	1352
1116	-58.939892	0.000959	801
1117	-61.937786	0.000654	1352
1118	-60.109211	0.000745	1352
1119	-60.002472	0.000784	951
1120	-61.157970	0.000721	1503
1121	-62.581367	0.000601	1553
1122	-63.194672	0.000556	1302
1123	-62.826279	0.000590	1202
1124	-62.443836	0.000612	1402
1125	-63.488941	0.000556	1553
1126	-62.885414	0.000600	1402
1127	-63.435158	0.000532	2154
1128	-64.867050	0.000465	1503
1129	-64.516121	0.000492	1753
1130	-63.616371	0.000556	1703
1131	-61.232712	0.000694	1402
1132	-68.543922	0.000301	2655
1133	-63.925938	0.000501	2605
1134	-62.678791	0.000594	1352
1135	-60.785980	0.000775	951
1136	-61.863827	0.000643	1152
1137	-63.670303	0.000525	1703
1138	-61.469215	0.000700	1202
1139	-61.964935	0.000649	1503
1140	-60.247505	0.000802	1302
1141	-57.020489	0.001073	1352
1142	-63.270908	0.000562	1402
1143	-61.679863	0.000709	751
1144	-63.152325	0.000531	2405
1145	-62.459751	0.000578	2254
1146	-62.170063	0.000623	1402
1147	-58.741596	0.000977	350
1148	-62.633049	0.000565	2254
1149	-60.208527	0.000818	1202
1150	-55.172016	0.001496	551
1151	-59.808296	0.000879	1453
1152	-61.776085	0.000663	1503
1153	-58.901295	0.000935	751
1154	-61.032185	0.000719	1302
1155	-62.492985	0.000588	1202
1156	-63.548447	0.000509	2204
1157	-63.066734	0.000566	1803
1158	-61.236622	0.000705	1102
1159	-58.259434	0.001029	1102
1160	-60.509289	0.000746	1703
1161	-60.402058	0.000783	1052
1162	-57.279381	0.001207	601
1163	-57.262028	0.001102	801
1164	-59.567390	0.000847	1402
1165	-58.704464	0.000967	1102
1166	-60.446938	0.000751	2004
1167	-60.719051	0.000749	1252
1168	-59.846291	0.000840	1352
1169	-62.561260	0.000576	2054
1170	-61.645287	0.000696	1302
1171	-59.885540	0.000800	1603
1172	-59.469765	0.000922	400
1173	-61.090931	0.000707	1352
1174	-57.217518	0.001179	951
1175	-58.512306	0.000973	1002
1176	-56.156963	0.001263	601
1177	-58.917812	0.000896	1052
1178	-61.730247	0.000684	1553
1179	-62.525753	0.000609	2204
1180	-58.846428	0.000902	1753
1181	-61.543018	0.000640	1753
1182	-60.469177	0.000803	1002
1183	-60.216492	0.000795	1703
1184	-61.145149	0.000669	2254
1185	-58.753677	0.000970	1102
1186	-62.911034	0.000550	3156
1187	-61.414497	0.000695	1453
1188	-57.218182	0.001116	901
1189	-57.473206	0.001091	1152
1190	-56.719608	0.001297	450
1191	-57.663826	0.001086	751
1192	-56.247417	0.001279	1352
1193	-57.626587	0.001086	1302
1194	-61.619839	0.000681	1503
1195	-55.882168	0.001311	1302
1196	-57.166126	0.001159	1052
1197	-58.230923	0.000957	1453
1198	-54.908573	0.001390	951
1199	-58.533195	0.000891	1703
1200	-59.598328	0.000844	2204
1201	-57.297432	0.001143	801
1202	-60.027370	0.000804	1503
1203	-56.377464	0.001199	1002
1204	-57.144104	0.001137	901
1205	-59.597515	0.000833	2204
1206	-59.322201	0.000888	901
1207	-56.568794	0.001254	751
1208	-56.172901	0.001225	1202
1209	-55.320286	0.001367	901
1210	-54.820473	0.001480	1002
1211	-56.566032	0.001262	601
1212	-60.006157	0.000814	901
1213	-55.039654	0.001559	300
1214	-55.329311	0.001423	901
1215	-55.226341	0.001402	1252
1216	-53.459396	0.001597	1252
1217	-62.350025	0.000605	2054
1218	-57.503254	0.001073	1302
1219	-62.423943	0.000606	1653
1220	-61.771179	0.000654	1402
1221	-57.144325	0.001125	1052
1222	-58.273117	0.001047	851
1223	-62.348549	0.000637	1402
1224	-59.538971	0.000867	1553
1225	-57.302662	0.001054	1453
1226	-57.296112	0.001158	1052
1227	-61.501602	0.000655	1803
1228	-58.097412	0.001004	1202
1229	-59.153130	0.000847	1603
1230	-59.273712	0.000848	1653
1231	-57.530415	0.001128	701
1232	-58.336021	0.000945	1002
1233	-59.493065	0.000863	1052
1234	-58.471912	0.000894	2555
1235	-56.463551	0.001251	1052
1236	-60.911884	0.000745	1402
1237	-62.128735	0.000653	1252
1238	-62.050613	0.000647	1803
1239	-59.404888	0.000884	1453
1240	-60.528362	0.000780	1302
1241	-55.852612	0.001351	501
1242	-56.944496	0.001205	901
1243	-57.940948	0.001053	701
1244	-60.187027	0.000779	1503
1245	-57.771984	0.001101	1002
1246	-56.789459	0.001206	901
1247	-56.115200	0.001315	551
1248	-57.749474	0.001076	1302
1249	-58.896572	0.000951	801
1250	-56.176815	0.001267	1102
1251	-57.782063	0.001113	701
1252	-58.321430	0.000997	1302
1253	-58.566353	0.000937	1903
1254	-56.685875	0.001206	1152
1255	-59.334869	0.000888	1603
1256	-58.543312	0.000960	1402
1257	-58.153934	0.001017	901
1258	-58.447628	0.000912	1603
1259	-57.089497	0.001172	1202
1260	-56.980980	0.001170	1002
1261	-55.688663	0.001255	951
1262	-59.207626	0.000865	1603
1263	-59.904881	0.000844	1603
1264	-59.059650	0.000889	1703
1265	-57.718258	0.001042	2004
1266	-59.117149	0.000874	1352
1267	-60.021633	0.000815	1402
1268	-55.741535	0.001325	1052
1269	-57.407104	0.001130	801
1270	-59.701195	0.000787	1503
1271	-57.381622	0.001060	1352
1272	-61.029522	0.000725	1352
1273	-61.963058	0.000627	2204
1274	-56.098808	0.001296	851
1275	-58.484200	0.000954	1453
1276	-59.084248	0.000889	1853
1277	-56.054436	0.001262	1202
1278	-60.697262	0.000744	1052
1279	-58.574581	0.000976	1152
1280	-57.821930	0.001097	1002
1281	-55.039165	0.001410	1352
1282	-42.661259	0.005502	1503
1283	-34.535500	0.014253	1302
1284	-25.626217	0.036794	1703
1285	-23.307751	0.048022	1252
1286	-22.454464	0.052108	1052
1287	-24.913092	0.043628	1102
1288	-31.584917	0.021053	1352
1289	-29.528885	0.026512	1603
1290	-27.669464	0.032627	3858
1291	-26.575529	0.036536	3757
1292	-27.603056	0.033410	4158
1293	-26.561338	0.035814	4058
1294	-34.056770	0.015308	2655
1295	-43.527924	0.005329	2655
1296	-46.400749	0.003665	2906
1297	-48.458950	0.003101	1703
1298	-50.138416	0.002492	3607
1299	-54.285843	0.001543	3507
1300	-54.665585	0.001422	3206
1301	-54.019272	0.001510	3256
1302	-51.887493	0.002000	1603
1303	-36.561764	0.012171	1352
1304	-18.147615	0.099228	751
1305	-16.791874	0.124885	701
1306	-17.469687	0.113846	651
1307	-16.820423	0.122903	651
1308	-18.650560	0.101730	601
1309	-27.275448	0.036346	651
1310	-27.523952	0.034182	751
1311	-23.478661	0.052768	701
1312	-22.329407	0.066303	951
1313	-20.440788	0.083430	951
1314	-20.543888	0.081477	1152
1315	-21.622122	0.067956	1002
1316	-20.340059	0.081224	1402
1317	-21.782055	0.069317	1352
1318	-24.474949	0.049123	1302
1319	-24.278181	0.051593	601
1320	-34.492966	0.014760	901
1321	-32.029289	0.021244	801
1322	-37.790386	0.010480	1002
1323	-39.907379	0.008422	1102
1324	-38.158970	0.009637	1853
1325	-36.785583	0.011653	951
1326	-39.074657	0.008827	551
1327	-37.331169	0.010482	751
1328	-41.454498	0.006352	851
1329	-44.881653	0.004981	551
1330	-45.452805	0.004551	551
1331	-46.962456	0.003817	601
1332	-47.418179	0.003304	601
1333	-46.965851	0.003590	651
1334	-47.768291	0.003257	701
1335	-38.878254	0.007118	1002
1336	-38.238049	0.009297	2555
1337	-28.193779	0.029840	751
1338	-23.943747	0.051700	701
1339	-22.031757	0.063426	701
1340	-21.121157	0.072458	651
1341	-21.838945	0.067187	601
1342	-23.554661	0.055600	651
1343	-23.279757	0.054945	751
1344	-22.203640	0.066252	601
1345	-20.524364	0.081088	651
1346	-20.360893	0.081958	651
1347	-19.647326	0.089231	651
1348	-21.203959	0.075386	601
1349	-29.272337	0.025031	651
1350	-36.364334	0.012038	601
1351	-36.639801	0.011812	951
1352	-37.702530	0.009905	801
1353	-39.741737	0.008511	1252
1354	-23.031668	0.057618	651
1355	-21.947077	0.065549	651
1356	-22.781614	0.058435	801
1357	-22.977211	0.057179	651
1358	-24.910721	0.041867	1102
1359	-25.841259	0.035468	1603
1360	-23.484499	0.048594	1152
1361	-24.183149	0.048095	851
1362	-28.278536	0.029303	1102
1363	-26.096527	0.041107	701
1364	-25.418047	0.044146	1002
1365	-26.780552	0.038238	751
1366	-30.721716	0.023855	1052
1367	-27.896290	0.031878	851
1368	-30.331182	0.024209	1052
1369	-30.530661	0.025590	651
1370	-36.963421	0.011741	851
1371	-35.977715	0.012634	851
1372	-36.550949	0.011571	751
1373	-42.529430	0.006466	651
1374	-39.098953	0.009222	651
1375	-42.463993	0.005983	951
1376	-48.989838	0.002943	901
1377	-50.608807	0.002385	801
1378	-47.856968	0.003473	651
1379	-42.426537	0.006145	751
1380	-49.110161	0.002977	801
1381	-50.857151	0.002403	901
1382	-52.085674	0.002111	751
1383	-54.960510	0.001474	901
1384	-52.373505	0.002019	701
1385	-55.555569	0.001390	1002
1386	-53.733372	0.001761	951
1387	-55.185551	0.001531	651
1388	-58.515984	0.001017	901
1389	-59.417442	0.000921	801
1390	-61.221291	0.000708	1703
1391	-65.907982	0.000390	2004
1392	-65.650650	0.000426	2254
1393	-68.517014	0.000298	2254
1394	-67.836578	0.000332	2354
1395	-69.362541	0.000274	2755
1396	-72.119049	0.000201	4359
1397	-72.554260	0.000197	3507
1398	-73.720741	0.000168	3106
1399	-73.049881	0.000185	3256
1400	-72.216492	0.000186	5611
1401	-73.324547	0.000177	4509
1402	-73.416283	0.000178	3657
1403	-73.596886	0.000172	3306
1404	-72.943375	0.000185	3156
1405	-75.590584	0.000136	5812
1406	-73.876938	0.000170	5110
1407	-74.146873	0.000160	6263
1408	-72.306557	0.000210	3106
1409	-73.486794	0.000175	2906
1410	-75.711304	0.000131	5010
1411	-73.085571	0.000182	3607
1412	-76.527290	0.000121	5762
1413	-77.877586	0.000104	7615
1414	-75.634460	0.000132	6012
1415	-75.236626	0.000141	4659
1416	-74.901276	0.000140	5812
1417	-74.420448	0.000159	4509
1418	-76.701172	0.000122	6162
1419	-80.143021	0.000079	8868
1420	-77.825691	0.000107	7716
1421	-77.043930	0.000110	6814
1422	-76.403694	0.000120	6112
1423	-75.569267	0.000140	5010
1424	-76.998947	0.000113	7064
1425	-74.288399	0.000152	6363
1426	-52.286510	0.001129	4609
1427	-43.242195	0.005006	3657
1428	-37.036621	0.010515	651
1429	-29.387760	0.025305	601
1430	-28.225605	0.028840	851
1431	-27.429365	0.034306	601
1432	-26.536797	0.036448	801
1433	-25.224697	0.045646	601
1434	-24.800097	0.048767	551
1435	-31.816133	0.020575	551
1436	-39.319447	0.008902	601
1437	-28.484488	0.030353	551
1438	-30.836647	0.023541	551
1439	-37.361916	0.011383	651
1440	-38.987507	0.009065	751
1441	-37.832512	0.009907	601
1442	-36.069286	0.011257	651
1443	-34.631104	0.014262	901
1444	-32.070221	0.017902	1653
1445	-31.163713	0.018456	2505
1446	-31.607742	0.018523	2354
1447	-29.385441	0.024302	1803
1448	-28.391727	0.026998	1853
1449	-27.756578	0.029670	2154
1450	-26.757088	0.033519	1553
1451	-25.220690	0.041091	1603
1452	-24.382292	0.047892	1453
1453	-22.289581	0.064883	701
1454	-22.069450	0.066033	701
1455	-24.167818	0.051948	751
1456	-29.709366	0.027334	651
1457	-34.552902	0.015523	801
1458	-35.848450	0.013657	701
1459	-44.990654	0.004779	1352
1460	-41.433689	0.007405	901
1461	-40.634613	0.008062	801
1462	-41.682564	0.006935	951
1463	-43.140022	0.005521	3056
1464	-44.212856	0.004930	3908
1465	-44.137344	0.004871	3557
1466	-34.811787	0.013007	1302
1467	-28.655352	0.028482	701
1468	-25.210171	0.043501	551
1469	-25.186783	0.044080	601
1470	-26.260656	0.038834	601
1471	-28.141327	0.032836	601
1472	-31.003820	0.021150	701
1473	-34.235546	0.015795	651
1474	-34.278782	0.015221	701
1475	-37.613754	0.010532	751
1476	-36.180744	0.012134	851
1477	-39.269375	0.008346	801
1478	-44.161663	0.005204	701
1479	-43.582409	0.005173	1202
1480	-42.659798	0.005973	951
1481	-43.168201	0.005488	701
1482	-30.743162	0.019339	701
1483	-22.334616	0.063675	651
1484	-22.301586	0.064527	601
1485	-20.749903	0.079972	651
1486	-21.744654	0.070794	601
1487	-24.086699	0.053690	601
1488	-29.493402	0.025955	651
1489	-34.160149	0.016019	651
1490	-36.153934	0.012368	501
1491	-42.616188	0.006305	601
1492	-37.875366	0.010297	601
1493	-41.291523	0.006471	801
1494	-41.223721	0.006900	400
1495	-40.734951	0.006846	651
1496	-43.386219	0.005777	601
1497	-45.180462	0.004532	601
1498	-49.020462	0.002713	1002
1499	-45.235916	0.004397	1503
1500	-40.581314	0.006866	2805
1501	-40.577019	0.006928	3356
1502	-41.592079	0.006214	2505
1503	-42.158272	0.006059	2906
1504	-43.792671	0.005134	2455
1505	-44.128899	0.005143	1853
1506	-45.150883	0.004351	1803
1507	-43.105644	0.005628	2204
1508	-42.911694	0.005961	1503
1509	-42.565132	0.006503	651
1510	-38.740978	0.010187	651
1511	-39.287949	0.009554	651
1512	-47.321316	0.003604	701
1513	-46.390877	0.004167	751
1514	-52.256161	0.001883	1102
1515	-55.959843	0.001273	1002
1516	-56.880997	0.001103	1052
1517	-56.047886	0.001235	1002
1518	-57.126244	0.001143	1152
1519	-58.421665	0.000987	1553
1520	-56.883678	0.001125	1553
1521	-59.647953	0.000836	2354
1522	-61.358871	0.000654	3106
1523	-59.939377	0.000806	2054
1524	-59.915733	0.000798	2505
1525	-62.530685	0.000592	3657
1526	-61.100063	0.000682	3707
1527	-62.627197	0.000601	3206
1528	-61.859764	0.000661	3557
1529	-63.326107	0.000552	3557
1530	-62.160461	0.000608	4759
1531	-63.313709	0.000531	4158
1532	-63.764267	0.000497	4409
1533	-62.068745	0.000578	5010
1534	-63.013554	0.000562	4459
1535	-62.228451	0.000637	4158
1536	-62.059746	0.000649	4258
1537	-64.432640	0.000478	3958
1538	-63.938942	0.000487	4158
1539	-63.646278	0.000484	4759
1540	-63.665539	0.000524	4459
1541	-62.420040	0.000620	4108
1542	-61.103973	0.000702	4509
1543	-62.461712	0.000599	4459
1544	-62.512161	0.000601	4609
1545	-61.499435	0.000669	4058
1546	-63.021252	0.000557	4308
1547	-63.959148	0.000509	4258
1548	-64.822006	0.000459	4659
1549	-64.530228	0.000464	4810
1550	-66.131721	0.000403	3908
1551	-70.031509	0.000254	3156
1552	-71.316948	0.000221	3557
1553	-72.596336	0.000193	4459
1554	-72.136101	0.000200	4008
1555	-71.505981	0.000221	2505
1556	-70.450897	0.000236	4208
1557	-72.138031	0.000209	4759
1558	-74.916672	0.000150	4759
1559	-73.654945	0.000173	3807
1560	-74.019150	0.000168	3557
1561	-70.460442	0.000233	4258
1562	-71.115059	0.000221	3056
1563	-71.557541	0.000208	4158
1564	-73.710236	0.000168	4609
1565	-73.066238	0.000166	4609
1566	-73.004204	0.000176	3507
1567	-65.650032	0.000425	1753
1568	-71.571434	0.000208	4258
